Flavor pattern audit

lambda_pred = 0.22445997051897373245511597747748194821840297007791297390969270711773328122860166 (ref=0.22501, z=-0.80886688386215815424120959193831144352504400306915601515778365039223348735049879)
delta_star = 0.60886199202947425455154874532829161131252129329996518994007516328088657620625911
delta_cp_rad = 1.2287962923799496748549662512123660249468066551438515074935778292191464721160134 (deg=70.40484143469463)
sin2_theta13 = 0.023108435158881104293284660903437775404804297675810195320905181018454300732168135 (ref=0.02224, z=1.5235704541773759531309840411189042189549082031757812647459316113233346178388335)
theta13_deg = 8.743693008411187

cusp_set = [Fraction(1, 3), Fraction(2, 3), Fraction(1, 1)]

Mobius ratios:
- m_b_over_m_s: 43.79405189623337
- m_c_over_m_u: 486.9165313620135
- m_mu_over_m_e: 197.84536441898265
- m_s_over_m_d: 16.91911119689403
- m_t_over_m_c: 133.01222546408377
- m_tau_over_m_mu: 16.91911119689403

Checks:
- lambda_within_2sigma: PASS (z=-0.80886688386215815424120959193831144352504400306915601515778365039223348735049879)
- sin2_theta13_within_2sigma: PASS (z=1.5235704541773759531309840411189042189549082031757812647459316113233346178388335)
- cusp_set_matches: PASS (cusp_set=[Fraction(1, 3), Fraction(2, 3), Fraction(1, 1)])